City Point Harbor  (4,905)  (57,906)  (5,853)  (56,852)  (4,954)  (55,955)  (105,958)
Salem Church  (1368,363)  (1319,365)  (1416,363)  (1325,413)  (1323,317)  (1375,312)  (1322,265)  (1375,413)  (1327,211)  (1432,414)  (1397,461)  (1446,462)
Lynchburg RR  (369,299)  (319,250)  (398,347)  (268,235)  (425,396)  (216,225)  (473,440)  (188,175)  (523,455)  (151,126)  (572,466)
Hanover Roads  (1273,518)  (1220,515)  (1295,570)  (1326,516)  (1296,464)  (1352,575)  (1247,464)  (1270,409)  (1222,417)  (1197,465)
Richmond RR  (805,524)  (833,473)  (754,516)  (852,423)  (705,508)  (873,371)  (653,495)  (603,514)  (923,335)  (604,564)  (975,335)  (605,615)
Hesterfield Church  (539,752)  (487,721)  (435,693)  (387,659)  (435,744)  (548,702)  (497,671)
Fort Darling  (570,914)  (622,947)  (517,944)  (514,886)  (589,863)  (639,845)  (641,894)  (692,892)  (690,944)
Petersburg  (2,632)  (44,583)  (3,727)  (4,778)  (82,632)  (54,744)  (106,773)
Winstons Mill  (1190,93)  (1139,95)  (1193,142)  (1141,145)  (1170,42)  (1118,44)
Richmond  (773,459)  (791,409)  (818,360)  (739,408)  (723,457)  (667,450)  (691,405)  (765,360)  (716,359)
Putney Ferry  (1278,699)  (1329,687)  (1315,748)  (1255,750)  (1229,703)  (1266,648)  (1314,635)  (1363,634)
Swift Run  (295,710)  (345,710)  (329,660)  (349,758)  (244,676)  (132,650)  (192,679)
Richmond Church Hill  (774,637)  (764,581)  (826,646)  (776,687)  (846,693)  (822,594)  (799,733)
Kinglands Creek  (404,950)  (454,952)  (350,949)  (344,897)  (395,886)  (446,897)
Blunts Bridge  (989,80)  (986,27)  (934,81)  (1044,19)  (1056,76)  (932,24)  (883,2)
Hanover RR  (1167,209)  (1218,200)  (1117,200)  (1251,150)  (1075,250)  (1272,100)  (1060,300)
Amherst  (293,126)  (311,178)  (345,129)  (256,176)  (240,124)  (335,79)
Rose Garden  (1125,951)  (1175,950)  (1074,947)
Walnut Grove  (1074,445)  (1125,446)  (1172,397)  (1074,497)  (1121,395)  (1125,498)  (1069,394)  (1107,341)  (1183,348)
Queens Creek  (1411,590)  (1408,539)  (1405,639)  (1450,660)  (1450,611)  (1449,542)
Cumberland  (208,571)  (258,572)  (156,570)  (106,570)  (179,622)  (146,515)  (232,622)  (199,518)  (248,507)
Bottoms Bridge  (972,949)  (1021,924)  (921,952)  (911,903)
Chickahominy River  (953,751)  (1003,752)  (958,698)  (1008,698)  (952,802)  (955,649)  (1005,807)  (974,600)
Farmsville  (74,467)  (21,466)  (67,415)  (11,407)  (3,530)  (52,517)
Nine Mile Road  (815,901)  (865,901)  (763,901)  (836,848)  (780,950)  (785,851)  (830,951)  (735,836)  (768,786)  (818,799)
Lynchburg  (62,50)  (113,23)  (8,62)  (164,5)  (61,1)  (178,56)  (60,120)  (216,3)  (7,6)  (267,11)  (9,120)  (319,5)  (79,169)
Cendar Farm Bridge  (1390,151)  (1442,150)  (1388,98)  (1445,202)  (1439,96)  (1448,253)  (1404,48)  (1450,44)  (1396,221)  (1441,306)
James River Ferry  (503,565)  (503,516)  (550,566)  (548,618)  (498,615)  (455,572)
Appomattox Town  (243,361)  (292,361)  (192,361)  (249,411)  (196,311)  (199,412)  (246,312)  (147,440)  (139,389)  (299,311)  (342,362)
Gaines Mill  (1120,635)  (1172,636)  (1068,636)  (1222,601)  (1138,685)  (1074,691)  (1021,582)  (1073,578)  (1123,584)
Anna River  (1022,217)  (968,222)  (1007,274)  (1052,151)  (955,278)  (1002,167)  (952,143)  (918,192)  (902,143)
Petersburg RR  (413,815)  (463,813)  (364,812)  (512,814)  (313,806)  (562,806)  (261,787)  (597,755)  (210,752)  (159,718)  (602,702)  (109,698)  (58,687)
Stag Creek  (731,74)  (780,74)  (680,74)  (831,75)  (626,75)  (736,125)  (755,24)  (880,82)  (787,125)  (703,24)  (836,129)  (808,24)  (650,23)
James River  (423,257)  (377,207)  (446,307)  (469,356)  (432,205)  (472,256)  (494,305)
White House RR  (964,869)  (914,859)  (1013,872)  (892,808)  (1063,869)  (894,757)  (1113,864)  (898,706)  (1163,863)  (902,654)  (1212,864)  (899,604)  (1260,867)  (867,554)  (1310,870)
Hanover  (1336,69)  (1287,40)  (1336,120)  (1344,17)  (1229,1)  (1236,50)
Hungary  (601,371)  (548,370)  (652,369)  (584,420)  (633,419)  (679,317)  (628,319)  (576,319)  (533,274)
Lynchburg Fields  (55,284)  (108,294)  (4,285)  (55,335)  (56,232)  (5,232)  (3,339)  (107,243)  (158,251)
Three Notched Road  (443,56)  (494,56)  (392,56)  (544,56)  (404,107)  (505,4)  (448,157)  (452,5)  (457,106)  (398,4)  (512,107)
Oakland  (606,183)  (591,232)  (658,179)  (665,229)  (538,219)  (550,166)  (500,166)  (602,132)  (658,132)  (713,190)
White House  (1363,881)  (1367,828)  (1363,933)  (1413,949)  (1414,897)  (1420,845)  (1307,945)  (1312,811)  (1362,776)  (1419,794)  (1256,930)  (1390,726)  (1443,729)
Fair Oak  (956,479)  (938,528)  (988,527)  (1005,478)  (905,479)  (914,429)  (937,380)  (963,431)  (1011,430)  (986,383)  (938,576)
Tomahawk Station  (358,515)  (359,467)  (407,470)  (407,526)  (400,582)  (346,576)  (307,508)  (309,457)
Huskins  (1172,305)  (1174,257)  (1224,304)  (1124,253)  (1248,253)  (1272,301)  (1273,352)
Ashland  (744,304)  (796,301)  (743,251)  (848,304)  (900,277)  (795,249)  (845,254)  (842,205)  (775,201)
Tunstall Station  (1062,750)  (1113,751)  (1122,800)  (1163,736)  (1072,803)  (1170,784)  (1219,804)
Appomattox River  (232,909)  (182,909)  (282,908)  (132,868)  (182,859)  (231,857)  (279,859)  (176,806)  (151,952)  (205,955)  (261,949)
Manchester  (721,691)  (668,693)  (712,745)  (663,641)  (660,746)  (718,639)  (657,589)  (703,563)  (675,794)